-4.000000000000000083e-02 -4.000000000000000083e-02 -4.000000000000000083e-02 -4.000000000000000083e-02 -4.000000000000000083e-02 -4.000000000000000083e-02 -4.000000000000000083e-02 -4.000000000000000083e-02 -4.000000000000000083e-02 -4.000000000000000083e-02
-4.000000000000000083e-02 -4.000000000000000083e-02 -4.000000000000000083e-02 -4.000000000000000083e-02 -4.000000000000000083e-02 -4.000000000000000083e-02 -4.000000000000000083e-02 -4.000000000000000083e-02 -4.000000000000000083e-02 -4.000000000000000083e-02
-4.000000000000000083e-02 -4.000000000000000083e-02 -4.000000000000000083e-02 -4.000000000000000083e-02 -4.000000000000000083e-02 -4.000000000000000083e-02 -4.000000000000000083e-02 1.000000000000000000e+00 -4.000000000000000083e-02 -4.000000000000000083e-02
-4.000000000000000083e-02 -4.000000000000000083e-02 -4.000000000000000083e-02 -4.000000000000000083e-02 -4.000000000000000083e-02 -4.000000000000000083e-02 -4.000000000000000083e-02 -4.000000000000000083e-02 -4.000000000000000083e-02 -4.000000000000000083e-02
-4.000000000000000083e-02 -4.000000000000000083e-02 -4.000000000000000083e-02 -4.000000000000000083e-02 -4.000000000000000083e-02 -4.000000000000000083e-02 -4.000000000000000083e-02 -4.000000000000000083e-02 -4.000000000000000083e-02 -4.000000000000000083e-02
-4.000000000000000083e-02 -4.000000000000000083e-02 -4.000000000000000083e-02 -4.000000000000000083e-02 -4.000000000000000083e-02 -4.000000000000000083e-02 -4.000000000000000083e-02 -4.000000000000000083e-02 -4.000000000000000083e-02 -4.000000000000000083e-02
-4.000000000000000083e-02 -4.000000000000000083e-02 -4.000000000000000083e-02 -4.000000000000000083e-02 -4.000000000000000083e-02 -4.000000000000000083e-02 -4.000000000000000083e-02 -4.000000000000000083e-02 -4.000000000000000083e-02 -4.000000000000000083e-02
-4.000000000000000083e-02 -4.000000000000000083e-02 -4.000000000000000083e-02 -4.000000000000000083e-02 -4.000000000000000083e-02 -4.000000000000000083e-02 -4.000000000000000083e-02 -1.000000000000000000e+00 -4.000000000000000083e-02 -4.000000000000000083e-02
-4.000000000000000083e-02 -4.000000000000000083e-02 -4.000000000000000083e-02 -4.000000000000000083e-02 -4.000000000000000083e-02 -4.000000000000000083e-02 -4.000000000000000083e-02 -4.000000000000000083e-02 -4.000000000000000083e-02 -4.000000000000000083e-02
-4.000000000000000083e-02 -4.000000000000000083e-02 -4.000000000000000083e-02 -4.000000000000000083e-02 -4.000000000000000083e-02 -4.000000000000000083e-02 -4.000000000000000083e-02 -4.000000000000000083e-02 -4.000000000000000083e-02 -4.000000000000000083e-02
