2.0
1.7999999999999998
1.62
1.4580000000000002
1.3122000000000007
1.18098
1.062882
0.9565938000000003
0.8609344200000004
0.7748409780000003
0.697356880200001
0.6276211921800003
0.5648590729619993
0.5083731656657999
0.4575358490992203
0.4117822641893003
0.3706040377703701
0.3335436339933313
0.3001892705939966
0.27017034353459835
0.24315330918113887
0.21883797826302498
0.19695418043672408
0.17725876239305283
0.1595328861537464
0.1435795975383698
0.12922163778453388
0.11629947400608032
0.10466952660547335
0.09420257394492637
0.08478231655043444
0.07630408489539064
0.06867367640585087
0.06180630876526649
0.05562567788874162
0.05006311009986497
0.045056799089877586
0.04055111918088983
0.036496007262801555
0.03284640653652282
0.02956176588287107
0.0266055892945829
0.023945030365124964
0.021550527328610514
0.019395474595750528
0.01745592713617583
0.015710334422559313
0.014139300980303915
0.012725370882272102
0.011452833794045603
0.010307550414641042
0.009276795373176938
0.008349115835859067
0.007514204252274226
0.006762783827046093
0.006086505444340418
0.005477854899908152
0.004930069409915916
0.00443706246892539
0.0039933562220326735
0.003594020599829051
0.003234618539845968
0.0029111566858617266
0.002620041017276975
0.0023580369155489223
0.002122233223992964
0.0019100099015947336
0.001719008911432951
0.0015471080202900112
0.00139239721826101
0.0012531574964356196
0.0011278417467934787
0.0010150575721148414
0.0009135518149019362
0.0008221966334112096
0.0007399769700704439
0.0006659792730641101
0.0005993813457578767
0.0005394432111813785
0.00048549889006466174
0.00043694900105961665
0.00039325410095258917
0.0003539286908580408
0.00031853582177099327
0.0002866822395937163
0.0002580140156354105
0.00023221261407257998
0.00020899135266461144
0.00018809221739779503
0.00016928299565677207
0.00015235469609109487
0.00013711922648340646
0.0001234073038354211
0.00011106657345116844
9.995991610622923e-05
8.996392449667212e-05
8.096753204611673e-05
7.28707788422156e-05
6.558370095888222e-05
5.9025330862993997e-05
5.31227977766946e-05
4.781051799795932e-05
4.302946619816339e-05
3.872651957870232e-05
3.4853867621365e-05
3.136848085993904e-05
2.8231632771991144e-05
2.5408469495502572e-05
2.286762254577468e-05
2.0580860290664305e-05
1.8522774261953145e-05
1.6670496837178916e-05
1.500344715488211e-05
1.3503102437084635e-05
1.2152792194797257e-05