2.0
1.7999999999999998
1.62
1.4580000000000002
1.3122000000000007
1.18098
1.062882
0.9565938000000003
0.8609344199999995
0.7748409780000003
0.697356880200001
0.6276211921799995
0.5648590729619993
0.5083731656657999
0.4575358490992194
0.4117822641893003
0.3706040377703701
0.33354363399332954
0.3001892705939966
0.27017034353459835
0.24315330918113887
0.21883797826302498
0.1969541804367232
0.17725876239305194
0.1595328861537446
0.1435795975383698
0.1292216377845321
0.11629947400608032
0.10466952660547335
0.09420257394492637
0.08478231655043089
0.07630408489539064
0.06867367640585087
0.06180630876526649
0.05562567788873807
0.050063110099863195
0.045056799089877586
0.04055111918088983
0.036496007262801555
0.032846406536521044
0.02956176588287107
0.0266055892945829
0.023945030365123188
0.021550527328610514
0.019395474595750528
0.01745592713617583
0.015710334422557537
0.014139300980303915
0.012725370882272102
0.011452833794045603
0.010307550414641042
0.009276795373175162
0.008349115835859067
0.007514204252274226
0.006762783827047869
0.006086505444343082
0.00547785489990904
0.0049300694099185804
0.004437062468926278
0.00399335622203445
0.003594020599829939
0.0032346185398477445
0.002911156685863503
0.002620041017276087
0.0023580369155506986
0.0021222332239956287
0.0019100099015956218
0.0017190089114360596
0.0015471080202926757
0.0013923972182636746
0.00125315749643784
0.0011278417467943669
0.0010150575721139532
0.0009135518149028243
0.000822196633412986
0.0007399769700722203
0.0006659792730649983
0.0005993813457587649
0.0005394432111831549
0.0004854988900655499
0.00043694900105872847
0.00039325410095347735
0.000353928690858929
0.0003185358217727696
0.00028668223959549266
0.00025801401563629867
0.0002322126140716918
0.0002089913526663878
0.0001880922173986832
0.00016928299565899252
0.0001523546960937594
0.00013711922648518282
0.00012340730383719745
0.00011106657345205662
9.995991610800559e-05
8.99639244975603e-05
8.096753204789309e-05
7.287077884310378e-05
6.55837009597704e-05
5.9025330863882175e-05
5.3122797777582775e-05
4.781051800062386e-05
4.3029466200827926e-05
3.872651958047868e-05
3.4853867623141355e-05
3.136848086082722e-05
2.823163277465568e-05
2.540846949639075e-05
2.2867622546662858e-05
2.058086029244066e-05
1.8522774263729502e-05
1.6670496838067095e-05
1.500344715488211e-05
1.3503102438860992e-05
1.2152792195685436e-05